18
18
22
5 2 3 4 4 3 5 2 4 3 3 2 4 3 1 4 5 2
4 1 3 1 2 1 5 4 3 2 3 2 2 4 5 3 2 4
1 2
2 3
2 4
4 5
4 6
1 8
4 7
7 8
8 9
9 10
9 11
10 5
6 9
6 11
11 12
12 13
13 14
14 15
15 16
16 17
17 18
17 1
1 0 1 0 0 1 1 1 0 0 0 1 0 0 0 1 0 1
0 1 1 1 0 0 0 0 1 1 1 0 1 0 0 0 0 0
1 1 1 0 0 0 0 0 0 1 1 0 1 1 1 0 0 1
0 1 0 1 0 1 0 0 0 0 1 0 0 0 0 0 1 0
0 0 0 0 0 1 1 1 0 0 1 0 1 0 1 0 0 0
1 0 0 1 1 0 0 1 0 0 1 1 0 0 0 1 1 0
1 0 0 0 1 0 1 1 0 0 0 1 1 1 0 0 1 1
1 0 0 0 1 1 1 1 0 0 0 0 1 1 1 0 0 0
0 1 0 0 0 0 0 0 1 0 0 0 0 0 1 0 0 0
0 1 1 0 0 0 0 0 0 1 1 1 0 0 0 0 0 1
0 1 1 1 1 1 0 0 0 1 0 1 0 0 0 1 1 1
1 0 0 0 0 1 1 0 0 1 1 1 0 0 1 0 0 1
0 1 1 0 1 0 1 1 0 0 0 0 1 1 0 0 1 1
0 0 1 0 0 0 1 1 0 0 0 0 1 0 0 0 1 1
0 0 1 0 1 0 0 1 1 0 0 1 0 0 1 0 0 0
1 0 0 0 0 1 0 0 0 0 1 0 0 0 0 0 1 1
0 0 0 1 0 1 1 0 0 0 1 0 1 1 0 1 0 1
1 0 1 0 0 0 1 0 0 1 1 1 1 1 0 1 1 0

Output:
{1: 8, 2: 6, 3: 4, 4: 1, 5: 12, 6: 16, 7: 7, 8: 13, 9: 18, 10: 10, 11: 11, 12: 17, 13: 14, 14: 3, 15: 2, 16: 9, 17: 15, 18: 5}



========================================================


5
5
4
1 4 5 4 4
1 1 1 3 1
1 2
2 3
3 4
4 5
1 0 1 0 1
0 1 0 1 1
1 0 1 1 0
0 1 1 1 1
1 1 0 1 1


11
11
12
5 2 3 4 4 3 5 2 4 3 3
3 1 2 1 2 1 5 4 2 2 3
1 2
2 3
2 4
4 5
4 6
1 8
4 7
7 8
8 9
9 10
9 11
10 5
1 1 0 0 1 0 1 0 1 0 1
1 1 1 0 0 1 1 0 0 1 0
0 1 1 0 0 0 0 1 1 1 1
0 0 0 1 1 1 1 0 0 0 1
1 0 0 1 1 0 0 1 0 1 0
0 1 0 1 0 1 1 0 1 0 0
1 1 0 1 0 1 1 0 1 0 0
0 0 1 0 1 0 0 1 0 0 1
1 0 1 0 0 1 1 0 1 0 0
0 1 1 0 1 0 0 0 0 1 1
1 0 1 1 0 0 0 1 0 1 1
